(kicad_pcb (version 20171130) (host pcbnew 5.1.5-52549c5~84~ubuntu18.04.1)

  (general
    (thickness 1.6)
    (drawings 0)
    (tracks 0)
    (zones 0)
    (modules 17)
    (nets 57)
  )

  (page A4)
  (layers
    (0 F.Cu signal)
    (31 B.Cu signal)
    (32 B.Adhes user)
    (33 F.Adhes user)
    (34 B.Paste user)
    (35 F.Paste user)
    (36 B.SilkS user)
    (37 F.SilkS user)
    (38 B.Mask user)
    (39 F.Mask user)
    (40 Dwgs.User user)
    (41 Cmts.User user)
    (42 Eco1.User user)
    (43 Eco2.User user)
    (44 Edge.Cuts user)
    (45 Margin user)
    (46 B.CrtYd user)
    (47 F.CrtYd user)
    (48 B.Fab user)
    (49 F.Fab user)
  )

  (setup
    (last_trace_width 0.25)
    (trace_clearance 0.2)
    (zone_clearance 0.508)
    (zone_45_only no)
    (trace_min 0.2)
    (via_size 0.8)
    (via_drill 0.4)
    (via_min_size 0.4)
    (via_min_drill 0.3)
    (uvia_size 0.3)
    (uvia_drill 0.1)
    (uvias_allowed no)
    (uvia_min_size 0.2)
    (uvia_min_drill 0.1)
    (edge_width 0.05)
    (segment_width 0.2)
    (pcb_text_width 0.3)
    (pcb_text_size 1.5 1.5)
    (mod_edge_width 0.12)
    (mod_text_size 1 1)
    (mod_text_width 0.15)
    (pad_size 1.524 1.524)
    (pad_drill 0.762)
    (pad_to_mask_clearance 0.051)
    (solder_mask_min_width 0.25)
    (aux_axis_origin 0 0)
    (visible_elements FFFFFF7F)
    (pcbplotparams
      (layerselection 0x010fc_ffffffff)
      (usegerberextensions false)
      (usegerberattributes false)
      (usegerberadvancedattributes false)
      (creategerberjobfile false)
      (excludeedgelayer true)
      (linewidth 0.100000)
      (plotframeref false)
      (viasonmask false)
      (mode 1)
      (useauxorigin false)
      (hpglpennumber 1)
      (hpglpenspeed 20)
      (hpglpendiameter 15.000000)
      (psnegative false)
      (psa4output false)
      (plotreference true)
      (plotvalue true)
      (plotinvisibletext false)
      (padsonsilk false)
      (subtractmaskfromsilk false)
      (outputformat 1)
      (mirror false)
      (drillshape 1)
      (scaleselection 1)
      (outputdirectory ""))
  )

  (net 0 "")
  (net 1 GND)
  (net 2 "Net-(U1-Pad18)")
  (net 3 "Net-(U1-Pad19)")
  (net 4 "Net-(U1-Pad20)")
  (net 5 "Net-(U1-Pad16)")
  (net 6 "Net-(U1-Pad15)")
  (net 7 "Net-(U1-Pad14)")
  (net 8 "Net-(U1-Pad21)")
  (net 9 "Net-(U1-Pad22)")
  (net 10 "Net-(U1-Pad23)")
  (net 11 "Net-(U1-Pad24)")
  (net 12 "Net-(U1-Pad25)")
  (net 13 "Net-(U1-Pad26)")
  (net 14 "Net-(U1-Pad27)")
  (net 15 "Net-(U1-Pad28)")
  (net 16 "Net-(U1-Pad29)")
  (net 17 "Net-(U1-Pad30)")
  (net 18 "Net-(U1-Pad31)")
  (net 19 "Net-(U1-Pad32)")
  (net 20 "Net-(U1-Pad33)")
  (net 21 "Net-(U1-Pad34)")
  (net 22 "Net-(U1-Pad13)")
  (net 23 "Net-(U1-Pad12)")
  (net 24 "Net-(U1-Pad11)")
  (net 25 "Net-(U1-Pad10)")
  (net 26 "Net-(U1-Pad9)")
  (net 27 "Net-(U1-Pad8)")
  (net 28 "Net-(U1-Pad7)")
  (net 29 "Net-(U1-Pad6)")
  (net 30 "Net-(U1-Pad5)")
  (net 31 "Net-(U1-Pad4)")
  (net 32 "Net-(U1-Pad3)")
  (net 33 "Net-(U1-Pad2)")
  (net 34 "Net-(C6-Pad1)")
  (net 35 "Net-(C2-Pad1)")
  (net 36 "Net-(J2-PadT)")
  (net 37 "Net-(J2-PadR)")
  (net 38 "Net-(U3-Pad15)")
  (net 39 "Net-(U3-Pad16)")
  (net 40 "Net-(U3-Pad18)")
  (net 41 +3V3)
  (net 42 MCLK)
  (net 43 LRCLK)
  (net 44 BCLK)
  (net 45 RX)
  (net 46 TX)
  (net 47 SDA)
  (net 48 SCL)
  (net 49 +1V8)
  (net 50 "Net-(C8-Pad2)")
  (net 51 "Net-(C8-Pad1)")
  (net 52 "Net-(C9-Pad1)")
  (net 53 "Net-(C9-Pad2)")
  (net 54 "Net-(J2-PadS)")
  (net 55 "Net-(U3-Pad11)")
  (net 56 "Net-(U3-Pad12)")

  (net_class Default "This is the default net class."
    (clearance 0.2)
    (trace_width 0.25)
    (via_dia 0.8)
    (via_drill 0.4)
    (uvia_dia 0.3)
    (uvia_drill 0.1)
    (add_net +1V8)
    (add_net +3V3)
    (add_net BCLK)
    (add_net GND)
    (add_net LRCLK)
    (add_net MCLK)
    (add_net "Net-(C2-Pad1)")
    (add_net "Net-(C6-Pad1)")
    (add_net "Net-(C8-Pad1)")
    (add_net "Net-(C8-Pad2)")
    (add_net "Net-(C9-Pad1)")
    (add_net "Net-(C9-Pad2)")
    (add_net "Net-(J2-PadR)")
    (add_net "Net-(J2-PadS)")
    (add_net "Net-(J2-PadT)")
    (add_net "Net-(U1-Pad10)")
    (add_net "Net-(U1-Pad11)")
    (add_net "Net-(U1-Pad12)")
    (add_net "Net-(U1-Pad13)")
    (add_net "Net-(U1-Pad14)")
    (add_net "Net-(U1-Pad15)")
    (add_net "Net-(U1-Pad16)")
    (add_net "Net-(U1-Pad18)")
    (add_net "Net-(U1-Pad19)")
    (add_net "Net-(U1-Pad2)")
    (add_net "Net-(U1-Pad20)")
    (add_net "Net-(U1-Pad21)")
    (add_net "Net-(U1-Pad22)")
    (add_net "Net-(U1-Pad23)")
    (add_net "Net-(U1-Pad24)")
    (add_net "Net-(U1-Pad25)")
    (add_net "Net-(U1-Pad26)")
    (add_net "Net-(U1-Pad27)")
    (add_net "Net-(U1-Pad28)")
    (add_net "Net-(U1-Pad29)")
    (add_net "Net-(U1-Pad3)")
    (add_net "Net-(U1-Pad30)")
    (add_net "Net-(U1-Pad31)")
    (add_net "Net-(U1-Pad32)")
    (add_net "Net-(U1-Pad33)")
    (add_net "Net-(U1-Pad34)")
    (add_net "Net-(U1-Pad4)")
    (add_net "Net-(U1-Pad5)")
    (add_net "Net-(U1-Pad6)")
    (add_net "Net-(U1-Pad7)")
    (add_net "Net-(U1-Pad8)")
    (add_net "Net-(U1-Pad9)")
    (add_net "Net-(U3-Pad11)")
    (add_net "Net-(U3-Pad12)")
    (add_net "Net-(U3-Pad15)")
    (add_net "Net-(U3-Pad16)")
    (add_net "Net-(U3-Pad18)")
    (add_net RX)
    (add_net SCL)
    (add_net SDA)
    (add_net TX)
  )

  (module teensy:Teensy40 (layer F.Cu) (tedit 5D521536) (tstamp 5E0E91E4)
    (at 146.2 89)
    (path /5E117CA6)
    (fp_text reference U1 (at 0 -10.16) (layer F.SilkS)
      (effects (font (size 1 1) (thickness 0.15)))
    )
    (fp_text value Teensy4.0 (at 0 10.16) (layer F.Fab)
      (effects (font (size 1 1) (thickness 0.15)))
    )
    (fp_line (start -17.78 3.81) (end -19.05 3.81) (layer F.SilkS) (width 0.15))
    (fp_line (start -19.05 3.81) (end -19.05 -3.81) (layer F.SilkS) (width 0.15))
    (fp_line (start -19.05 -3.81) (end -17.78 -3.81) (layer F.SilkS) (width 0.15))
    (fp_line (start -13.208 3.81) (end -13.208 -3.81) (layer F.SilkS) (width 0.15))
    (fp_line (start -13.208 -3.81) (end -17.78 -3.81) (layer F.SilkS) (width 0.15))
    (fp_line (start -13.208 3.81) (end -17.78 3.81) (layer F.SilkS) (width 0.15))
    (fp_line (start 14.732 -1.778) (end 14.732 1.778) (layer F.SilkS) (width 0.15))
    (fp_line (start 14.732 1.778) (end 10.668 1.778) (layer F.SilkS) (width 0.15))
    (fp_line (start 10.668 1.778) (end 10.668 -1.778) (layer F.SilkS) (width 0.15))
    (fp_line (start 10.668 -1.778) (end 14.732 -1.778) (layer F.SilkS) (width 0.15))
    (fp_line (start 4.318 5.08) (end 4.318 -5.08) (layer F.SilkS) (width 0.15))
    (fp_line (start -5.461 -5.08) (end -5.461 5.08) (layer F.SilkS) (width 0.15))
    (fp_line (start 4.318 -5.08) (end -5.461 -5.08) (layer F.SilkS) (width 0.15))
    (fp_line (start 4.318 5.08) (end -5.461 5.08) (layer F.SilkS) (width 0.15))
    (fp_line (start -17.78 -8.89) (end 17.78 -8.89) (layer F.SilkS) (width 0.15))
    (fp_line (start 17.78 -8.89) (end 17.78 8.89) (layer F.SilkS) (width 0.15))
    (fp_line (start 17.78 8.89) (end -17.78 8.89) (layer F.SilkS) (width 0.15))
    (fp_line (start -17.78 8.89) (end -17.78 -8.89) (layer F.SilkS) (width 0.15))
    (fp_line (start 5.715 -5.08) (end 8.255 -5.08) (layer F.SilkS) (width 0.15))
    (fp_line (start 8.255 -5.08) (end 8.255 -1.905) (layer F.SilkS) (width 0.15))
    (fp_line (start 8.255 -1.905) (end 5.715 -1.905) (layer F.SilkS) (width 0.15))
    (fp_line (start 5.715 -1.905) (end 5.715 -5.08) (layer F.SilkS) (width 0.15))
    (fp_text user MIMXRT1062 (at 0.254 0 90) (layer F.SilkS)
      (effects (font (size 0.7 0.7) (thickness 0.15)))
    )
    (fp_poly (pts (xy -3.175 -0.635) (xy -2.921 -0.889) (xy -2.667 -0.508) (xy -2.921 -0.254)) (layer F.SilkS) (width 0.1))
    (fp_poly (pts (xy -2.794 -0.127) (xy -2.54 -0.381) (xy -2.286 0) (xy -2.54 0.254)) (layer F.SilkS) (width 0.1))
    (fp_poly (pts (xy -2.413 0.381) (xy -2.159 0.127) (xy -1.905 0.508) (xy -2.159 0.762)) (layer F.SilkS) (width 0.1))
    (fp_poly (pts (xy -2.413 -0.508) (xy -2.159 -0.762) (xy -1.905 -0.381) (xy -2.159 -0.127)) (layer F.SilkS) (width 0.1))
    (fp_poly (pts (xy -2.032 0) (xy -1.778 -0.254) (xy -1.524 0.127) (xy -1.778 0.381)) (layer F.SilkS) (width 0.1))
    (fp_poly (pts (xy -1.651 0.508) (xy -1.397 0.254) (xy -1.143 0.635) (xy -1.397 0.889)) (layer F.SilkS) (width 0.1))
    (fp_poly (pts (xy -3.556 -0.254) (xy -3.302 -0.508) (xy -3.048 -0.127) (xy -3.302 0.127)) (layer F.SilkS) (width 0.1))
    (fp_poly (pts (xy -3.937 0.127) (xy -3.683 -0.127) (xy -3.429 0.254) (xy -3.683 0.508)) (layer F.SilkS) (width 0.1))
    (fp_text user DVL6A (at 1.778 0 90) (layer F.SilkS)
      (effects (font (size 0.7 0.7) (thickness 0.15)))
    )
    (pad 17 thru_hole circle (at 16.51 0) (size 1.6 1.6) (drill 1.1) (layers *.Cu *.Mask)
      (net 1 GND))
    (pad 18 thru_hole circle (at 16.51 -2.54) (size 1.6 1.6) (drill 1.1) (layers *.Cu *.Mask)
      (net 2 "Net-(U1-Pad18)"))
    (pad 19 thru_hole circle (at 16.51 -5.08) (size 1.6 1.6) (drill 1.1) (layers *.Cu *.Mask)
      (net 3 "Net-(U1-Pad19)"))
    (pad 20 thru_hole circle (at 16.51 -7.62) (size 1.6 1.6) (drill 1.1) (layers *.Cu *.Mask)
      (net 4 "Net-(U1-Pad20)"))
    (pad 16 thru_hole circle (at 16.51 2.54) (size 1.6 1.6) (drill 1.1) (layers *.Cu *.Mask)
      (net 5 "Net-(U1-Pad16)"))
    (pad 15 thru_hole circle (at 16.51 5.08) (size 1.6 1.6) (drill 1.1) (layers *.Cu *.Mask)
      (net 6 "Net-(U1-Pad15)"))
    (pad 14 thru_hole circle (at 16.51 7.62) (size 1.6 1.6) (drill 1.1) (layers *.Cu *.Mask)
      (net 7 "Net-(U1-Pad14)"))
    (pad 21 thru_hole circle (at 13.97 -7.62) (size 1.6 1.6) (drill 1.1) (layers *.Cu *.Mask)
      (net 8 "Net-(U1-Pad21)"))
    (pad 22 thru_hole circle (at 11.43 -7.62) (size 1.6 1.6) (drill 1.1) (layers *.Cu *.Mask)
      (net 9 "Net-(U1-Pad22)"))
    (pad 23 thru_hole circle (at 8.89 -7.62) (size 1.6 1.6) (drill 1.1) (layers *.Cu *.Mask)
      (net 10 "Net-(U1-Pad23)"))
    (pad 24 thru_hole circle (at 6.35 -7.62) (size 1.6 1.6) (drill 1.1) (layers *.Cu *.Mask)
      (net 11 "Net-(U1-Pad24)"))
    (pad 25 thru_hole circle (at 3.81 -7.62) (size 1.6 1.6) (drill 1.1) (layers *.Cu *.Mask)
      (net 12 "Net-(U1-Pad25)"))
    (pad 26 thru_hole circle (at 1.27 -7.62) (size 1.6 1.6) (drill 1.1) (layers *.Cu *.Mask)
      (net 13 "Net-(U1-Pad26)"))
    (pad 27 thru_hole circle (at -1.27 -7.62) (size 1.6 1.6) (drill 1.1) (layers *.Cu *.Mask)
      (net 14 "Net-(U1-Pad27)"))
    (pad 28 thru_hole circle (at -3.81 -7.62) (size 1.6 1.6) (drill 1.1) (layers *.Cu *.Mask)
      (net 15 "Net-(U1-Pad28)"))
    (pad 29 thru_hole circle (at -6.35 -7.62) (size 1.6 1.6) (drill 1.1) (layers *.Cu *.Mask)
      (net 16 "Net-(U1-Pad29)"))
    (pad 30 thru_hole circle (at -8.89 -7.62) (size 1.6 1.6) (drill 1.1) (layers *.Cu *.Mask)
      (net 17 "Net-(U1-Pad30)"))
    (pad 31 thru_hole circle (at -11.43 -7.62) (size 1.6 1.6) (drill 1.1) (layers *.Cu *.Mask)
      (net 18 "Net-(U1-Pad31)"))
    (pad 32 thru_hole circle (at -13.97 -7.62) (size 1.6 1.6) (drill 1.1) (layers *.Cu *.Mask)
      (net 19 "Net-(U1-Pad32)"))
    (pad 33 thru_hole circle (at -16.51 -7.62) (size 1.6 1.6) (drill 1.1) (layers *.Cu *.Mask)
      (net 20 "Net-(U1-Pad33)"))
    (pad 34 thru_hole circle (at -13.97 -5.08) (size 1.6 1.6) (drill 1.1) (layers *.Cu *.Mask)
      (net 21 "Net-(U1-Pad34)"))
    (pad 13 thru_hole circle (at 13.97 7.62) (size 1.6 1.6) (drill 1.1) (layers *.Cu *.Mask)
      (net 22 "Net-(U1-Pad13)"))
    (pad 12 thru_hole circle (at 11.43 7.62) (size 1.6 1.6) (drill 1.1) (layers *.Cu *.Mask)
      (net 23 "Net-(U1-Pad12)"))
    (pad 11 thru_hole circle (at 8.89 7.62) (size 1.6 1.6) (drill 1.1) (layers *.Cu *.Mask)
      (net 24 "Net-(U1-Pad11)"))
    (pad 10 thru_hole circle (at 6.35 7.62) (size 1.6 1.6) (drill 1.1) (layers *.Cu *.Mask)
      (net 25 "Net-(U1-Pad10)"))
    (pad 9 thru_hole circle (at 3.81 7.62) (size 1.6 1.6) (drill 1.1) (layers *.Cu *.Mask)
      (net 26 "Net-(U1-Pad9)"))
    (pad 8 thru_hole circle (at 1.27 7.62) (size 1.6 1.6) (drill 1.1) (layers *.Cu *.Mask)
      (net 27 "Net-(U1-Pad8)"))
    (pad 7 thru_hole circle (at -1.27 7.62) (size 1.6 1.6) (drill 1.1) (layers *.Cu *.Mask)
      (net 28 "Net-(U1-Pad7)"))
    (pad 6 thru_hole circle (at -3.81 7.62) (size 1.6 1.6) (drill 1.1) (layers *.Cu *.Mask)
      (net 29 "Net-(U1-Pad6)"))
    (pad 5 thru_hole circle (at -6.35 7.62) (size 1.6 1.6) (drill 1.1) (layers *.Cu *.Mask)
      (net 30 "Net-(U1-Pad5)"))
    (pad 4 thru_hole circle (at -8.89 7.62) (size 1.6 1.6) (drill 1.1) (layers *.Cu *.Mask)
      (net 31 "Net-(U1-Pad4)"))
    (pad 3 thru_hole circle (at -11.43 7.62) (size 1.6 1.6) (drill 1.1) (layers *.Cu *.Mask)
      (net 32 "Net-(U1-Pad3)"))
    (pad 2 thru_hole circle (at -13.97 7.62) (size 1.6 1.6) (drill 1.1) (layers *.Cu *.Mask)
      (net 33 "Net-(U1-Pad2)"))
    (pad 1 thru_hole rect (at -16.51 7.62) (size 1.6 1.6) (drill 1.1) (layers *.Cu *.Mask)
      (net 1 GND))
  )

  (module Package_DFN_QFN:QFN-32-1EP_5x5mm_P0.5mm_EP3.6x3.6mm (layer F.Cu) (tedit 5B4E85CF) (tstamp 5E0E9330)
    (at 140.2 74)
    (descr "QFN, 32 Pin (http://infocenter.nordicsemi.com/pdf/nRF52810_PS_v1.1.pdf (Page 468)), generated with kicad-footprint-generator ipc_dfn_qfn_generator.py")
    (tags "QFN DFN_QFN")
    (path /5E0E3867/5BAC3E38)
    (attr smd)
    (fp_text reference U3 (at 0 -3.8) (layer F.SilkS)
      (effects (font (size 1 1) (thickness 0.15)))
    )
    (fp_text value SGTL5000 (at 0 3.8) (layer F.Fab)
      (effects (font (size 1 1) (thickness 0.15)))
    )
    (fp_line (start 2.135 -2.61) (end 2.61 -2.61) (layer F.SilkS) (width 0.12))
    (fp_line (start 2.61 -2.61) (end 2.61 -2.135) (layer F.SilkS) (width 0.12))
    (fp_line (start -2.135 2.61) (end -2.61 2.61) (layer F.SilkS) (width 0.12))
    (fp_line (start -2.61 2.61) (end -2.61 2.135) (layer F.SilkS) (width 0.12))
    (fp_line (start 2.135 2.61) (end 2.61 2.61) (layer F.SilkS) (width 0.12))
    (fp_line (start 2.61 2.61) (end 2.61 2.135) (layer F.SilkS) (width 0.12))
    (fp_line (start -2.135 -2.61) (end -2.61 -2.61) (layer F.SilkS) (width 0.12))
    (fp_line (start -1.5 -2.5) (end 2.5 -2.5) (layer F.Fab) (width 0.1))
    (fp_line (start 2.5 -2.5) (end 2.5 2.5) (layer F.Fab) (width 0.1))
    (fp_line (start 2.5 2.5) (end -2.5 2.5) (layer F.Fab) (width 0.1))
    (fp_line (start -2.5 2.5) (end -2.5 -1.5) (layer F.Fab) (width 0.1))
    (fp_line (start -2.5 -1.5) (end -1.5 -2.5) (layer F.Fab) (width 0.1))
    (fp_line (start -3.1 -3.1) (end -3.1 3.1) (layer F.CrtYd) (width 0.05))
    (fp_line (start -3.1 3.1) (end 3.1 3.1) (layer F.CrtYd) (width 0.05))
    (fp_line (start 3.1 3.1) (end 3.1 -3.1) (layer F.CrtYd) (width 0.05))
    (fp_line (start 3.1 -3.1) (end -3.1 -3.1) (layer F.CrtYd) (width 0.05))
    (fp_text user %R (at 0 0) (layer F.Fab)
      (effects (font (size 1 1) (thickness 0.15)))
    )
    (pad 33 smd roundrect (at 0 0) (size 3.6 3.6) (layers F.Cu F.Mask) (roundrect_rratio 0.06944400000000001)
      (net 1 GND))
    (pad "" smd roundrect (at -1.2 -1.2) (size 0.97 0.97) (layers F.Paste) (roundrect_rratio 0.25))
    (pad "" smd roundrect (at -1.2 0) (size 0.97 0.97) (layers F.Paste) (roundrect_rratio 0.25))
    (pad "" smd roundrect (at -1.2 1.2) (size 0.97 0.97) (layers F.Paste) (roundrect_rratio 0.25))
    (pad "" smd roundrect (at 0 -1.2) (size 0.97 0.97) (layers F.Paste) (roundrect_rratio 0.25))
    (pad "" smd roundrect (at 0 0) (size 0.97 0.97) (layers F.Paste) (roundrect_rratio 0.25))
    (pad "" smd roundrect (at 0 1.2) (size 0.97 0.97) (layers F.Paste) (roundrect_rratio 0.25))
    (pad "" smd roundrect (at 1.2 -1.2) (size 0.97 0.97) (layers F.Paste) (roundrect_rratio 0.25))
    (pad "" smd roundrect (at 1.2 0) (size 0.97 0.97) (layers F.Paste) (roundrect_rratio 0.25))
    (pad "" smd roundrect (at 1.2 1.2) (size 0.97 0.97) (layers F.Paste) (roundrect_rratio 0.25))
    (pad 1 smd roundrect (at -2.45 -1.75) (size 0.8 0.25) (layers F.Cu F.Paste F.Mask) (roundrect_rratio 0.25)
      (net 1 GND))
    (pad 2 smd roundrect (at -2.45 -1.25) (size 0.8 0.25) (layers F.Cu F.Paste F.Mask) (roundrect_rratio 0.25)
      (net 37 "Net-(J2-PadR)"))
    (pad 3 smd roundrect (at -2.45 -0.75) (size 0.8 0.25) (layers F.Cu F.Paste F.Mask) (roundrect_rratio 0.25)
      (net 1 GND))
    (pad 4 smd roundrect (at -2.45 -0.25) (size 0.8 0.25) (layers F.Cu F.Paste F.Mask) (roundrect_rratio 0.25)
      (net 54 "Net-(J2-PadS)"))
    (pad 5 smd roundrect (at -2.45 0.25) (size 0.8 0.25) (layers F.Cu F.Paste F.Mask) (roundrect_rratio 0.25)
      (net 34 "Net-(C6-Pad1)"))
    (pad 6 smd roundrect (at -2.45 0.75) (size 0.8 0.25) (layers F.Cu F.Paste F.Mask) (roundrect_rratio 0.25)
      (net 36 "Net-(J2-PadT)"))
    (pad 7 smd roundrect (at -2.45 1.25) (size 0.8 0.25) (layers F.Cu F.Paste F.Mask) (roundrect_rratio 0.25)
      (net 1 GND))
    (pad 8 smd roundrect (at -2.45 1.75) (size 0.8 0.25) (layers F.Cu F.Paste F.Mask) (roundrect_rratio 0.25))
    (pad 9 smd roundrect (at -1.75 2.45) (size 0.25 0.8) (layers F.Cu F.Paste F.Mask) (roundrect_rratio 0.25))
    (pad 10 smd roundrect (at -1.25 2.45) (size 0.25 0.8) (layers F.Cu F.Paste F.Mask) (roundrect_rratio 0.25)
      (net 35 "Net-(C2-Pad1)"))
    (pad 11 smd roundrect (at -0.75 2.45) (size 0.25 0.8) (layers F.Cu F.Paste F.Mask) (roundrect_rratio 0.25)
      (net 55 "Net-(U3-Pad11)"))
    (pad 12 smd roundrect (at -0.25 2.45) (size 0.25 0.8) (layers F.Cu F.Paste F.Mask) (roundrect_rratio 0.25)
      (net 56 "Net-(U3-Pad12)"))
    (pad 13 smd roundrect (at 0.25 2.45) (size 0.25 0.8) (layers F.Cu F.Paste F.Mask) (roundrect_rratio 0.25)
      (net 52 "Net-(C9-Pad1)"))
    (pad 14 smd roundrect (at 0.75 2.45) (size 0.25 0.8) (layers F.Cu F.Paste F.Mask) (roundrect_rratio 0.25)
      (net 51 "Net-(C8-Pad1)"))
    (pad 15 smd roundrect (at 1.25 2.45) (size 0.25 0.8) (layers F.Cu F.Paste F.Mask) (roundrect_rratio 0.25)
      (net 38 "Net-(U3-Pad15)"))
    (pad 16 smd roundrect (at 1.75 2.45) (size 0.25 0.8) (layers F.Cu F.Paste F.Mask) (roundrect_rratio 0.25)
      (net 39 "Net-(U3-Pad16)"))
    (pad 17 smd roundrect (at 2.45 1.75) (size 0.8 0.25) (layers F.Cu F.Paste F.Mask) (roundrect_rratio 0.25))
    (pad 18 smd roundrect (at 2.45 1.25) (size 0.8 0.25) (layers F.Cu F.Paste F.Mask) (roundrect_rratio 0.25)
      (net 40 "Net-(U3-Pad18)"))
    (pad 19 smd roundrect (at 2.45 0.75) (size 0.8 0.25) (layers F.Cu F.Paste F.Mask) (roundrect_rratio 0.25))
    (pad 20 smd roundrect (at 2.45 0.25) (size 0.8 0.25) (layers F.Cu F.Paste F.Mask) (roundrect_rratio 0.25)
      (net 41 +3V3))
    (pad 21 smd roundrect (at 2.45 -0.25) (size 0.8 0.25) (layers F.Cu F.Paste F.Mask) (roundrect_rratio 0.25)
      (net 42 MCLK))
    (pad 22 smd roundrect (at 2.45 -0.75) (size 0.8 0.25) (layers F.Cu F.Paste F.Mask) (roundrect_rratio 0.25))
    (pad 23 smd roundrect (at 2.45 -1.25) (size 0.8 0.25) (layers F.Cu F.Paste F.Mask) (roundrect_rratio 0.25)
      (net 43 LRCLK))
    (pad 24 smd roundrect (at 2.45 -1.75) (size 0.8 0.25) (layers F.Cu F.Paste F.Mask) (roundrect_rratio 0.25)
      (net 44 BCLK))
    (pad 25 smd roundrect (at 1.75 -2.45) (size 0.25 0.8) (layers F.Cu F.Paste F.Mask) (roundrect_rratio 0.25)
      (net 45 RX))
    (pad 26 smd roundrect (at 1.25 -2.45) (size 0.25 0.8) (layers F.Cu F.Paste F.Mask) (roundrect_rratio 0.25)
      (net 46 TX))
    (pad 27 smd roundrect (at 0.75 -2.45) (size 0.25 0.8) (layers F.Cu F.Paste F.Mask) (roundrect_rratio 0.25)
      (net 47 SDA))
    (pad 28 smd roundrect (at 0.25 -2.45) (size 0.25 0.8) (layers F.Cu F.Paste F.Mask) (roundrect_rratio 0.25))
    (pad 29 smd roundrect (at -0.25 -2.45) (size 0.25 0.8) (layers F.Cu F.Paste F.Mask) (roundrect_rratio 0.25)
      (net 48 SCL))
    (pad 30 smd roundrect (at -0.75 -2.45) (size 0.25 0.8) (layers F.Cu F.Paste F.Mask) (roundrect_rratio 0.25)
      (net 49 +1V8))
    (pad 31 smd roundrect (at -1.25 -2.45) (size 0.25 0.8) (layers F.Cu F.Paste F.Mask) (roundrect_rratio 0.25)
      (net 1 GND))
    (pad 32 smd roundrect (at -1.75 -2.45) (size 0.25 0.8) (layers F.Cu F.Paste F.Mask) (roundrect_rratio 0.25)
      (net 1 GND))
    (model ${KISYS3DMOD}/Package_DFN_QFN.3dshapes/QFN-32-1EP_5x5mm_P0.5mm_EP3.6x3.6mm.wrl
      (at (xyz 0 0 0))
      (scale (xyz 1 1 1))
      (rotate (xyz 0 0 0))
    )
  )

  (module Capacitor_SMD:C_0805_2012Metric (layer F.Cu) (tedit 5B36C52B) (tstamp 5E0E9577)
    (at 168.305001 77.925001)
    (descr "Capacitor SMD 0805 (2012 Metric), square (rectangular) end terminal, IPC_7351 nominal, (Body size source: https://docs.google.com/spreadsheets/d/1BsfQQcO9C6DZCsRaXUlFlo91Tg2WpOkGARC1WS5S8t0/edit?usp=sharing), generated with kicad-footprint-generator")
    (tags capacitor)
    (path /5E0E3867/5BAC54E1)
    (attr smd)
    (fp_text reference C1 (at 0 -1.65) (layer F.SilkS)
      (effects (font (size 1 1) (thickness 0.15)))
    )
    (fp_text value 2.2uF (at 0 1.65) (layer F.Fab)
      (effects (font (size 1 1) (thickness 0.15)))
    )
    (fp_line (start -1 0.6) (end -1 -0.6) (layer F.Fab) (width 0.1))
    (fp_line (start -1 -0.6) (end 1 -0.6) (layer F.Fab) (width 0.1))
    (fp_line (start 1 -0.6) (end 1 0.6) (layer F.Fab) (width 0.1))
    (fp_line (start 1 0.6) (end -1 0.6) (layer F.Fab) (width 0.1))
    (fp_line (start -0.258578 -0.71) (end 0.258578 -0.71) (layer F.SilkS) (width 0.12))
    (fp_line (start -0.258578 0.71) (end 0.258578 0.71) (layer F.SilkS) (width 0.12))
    (fp_line (start -1.68 0.95) (end -1.68 -0.95) (layer F.CrtYd) (width 0.05))
    (fp_line (start -1.68 -0.95) (end 1.68 -0.95) (layer F.CrtYd) (width 0.05))
    (fp_line (start 1.68 -0.95) (end 1.68 0.95) (layer F.CrtYd) (width 0.05))
    (fp_line (start 1.68 0.95) (end -1.68 0.95) (layer F.CrtYd) (width 0.05))
    (fp_text user %R (at 0 0) (layer F.Fab)
      (effects (font (size 0.5 0.5) (thickness 0.08)))
    )
    (pad 1 smd roundrect (at -0.9375 0) (size 0.975 1.4) (layers F.Cu F.Paste F.Mask) (roundrect_rratio 0.25)
      (net 49 +1V8))
    (pad 2 smd roundrect (at 0.9375 0) (size 0.975 1.4) (layers F.Cu F.Paste F.Mask) (roundrect_rratio 0.25)
      (net 1 GND))
    (model ${KISYS3DMOD}/Capacitor_SMD.3dshapes/C_0805_2012Metric.wrl
      (at (xyz 0 0 0))
      (scale (xyz 1 1 1))
      (rotate (xyz 0 0 0))
    )
  )

  (module Capacitor_SMD:C_0805_2012Metric (layer F.Cu) (tedit 5B36C52B) (tstamp 5E0E9588)
    (at 172.755001 73.375001)
    (descr "Capacitor SMD 0805 (2012 Metric), square (rectangular) end terminal, IPC_7351 nominal, (Body size source: https://docs.google.com/spreadsheets/d/1BsfQQcO9C6DZCsRaXUlFlo91Tg2WpOkGARC1WS5S8t0/edit?usp=sharing), generated with kicad-footprint-generator")
    (tags capacitor)
    (path /5E0E3867/5E0FEC6F)
    (attr smd)
    (fp_text reference C2 (at 0 -1.65) (layer F.SilkS)
      (effects (font (size 1 1) (thickness 0.15)))
    )
    (fp_text value 0.1uF (at 0 1.65) (layer F.Fab)
      (effects (font (size 1 1) (thickness 0.15)))
    )
    (fp_line (start -1 0.6) (end -1 -0.6) (layer F.Fab) (width 0.1))
    (fp_line (start -1 -0.6) (end 1 -0.6) (layer F.Fab) (width 0.1))
    (fp_line (start 1 -0.6) (end 1 0.6) (layer F.Fab) (width 0.1))
    (fp_line (start 1 0.6) (end -1 0.6) (layer F.Fab) (width 0.1))
    (fp_line (start -0.258578 -0.71) (end 0.258578 -0.71) (layer F.SilkS) (width 0.12))
    (fp_line (start -0.258578 0.71) (end 0.258578 0.71) (layer F.SilkS) (width 0.12))
    (fp_line (start -1.68 0.95) (end -1.68 -0.95) (layer F.CrtYd) (width 0.05))
    (fp_line (start -1.68 -0.95) (end 1.68 -0.95) (layer F.CrtYd) (width 0.05))
    (fp_line (start 1.68 -0.95) (end 1.68 0.95) (layer F.CrtYd) (width 0.05))
    (fp_line (start 1.68 0.95) (end -1.68 0.95) (layer F.CrtYd) (width 0.05))
    (fp_text user %R (at 0 0) (layer F.Fab)
      (effects (font (size 0.5 0.5) (thickness 0.08)))
    )
    (pad 1 smd roundrect (at -0.9375 0) (size 0.975 1.4) (layers F.Cu F.Paste F.Mask) (roundrect_rratio 0.25)
      (net 35 "Net-(C2-Pad1)"))
    (pad 2 smd roundrect (at 0.9375 0) (size 0.975 1.4) (layers F.Cu F.Paste F.Mask) (roundrect_rratio 0.25)
      (net 1 GND))
    (model ${KISYS3DMOD}/Capacitor_SMD.3dshapes/C_0805_2012Metric.wrl
      (at (xyz 0 0 0))
      (scale (xyz 1 1 1))
      (rotate (xyz 0 0 0))
    )
  )

  (module Capacitor_SMD:C_0805_2012Metric (layer F.Cu) (tedit 5B36C52B) (tstamp 5E0E9599)
    (at 168.305001 80.875001)
    (descr "Capacitor SMD 0805 (2012 Metric), square (rectangular) end terminal, IPC_7351 nominal, (Body size source: https://docs.google.com/spreadsheets/d/1BsfQQcO9C6DZCsRaXUlFlo91Tg2WpOkGARC1WS5S8t0/edit?usp=sharing), generated with kicad-footprint-generator")
    (tags capacitor)
    (path /5E0E3867/5BAC3E6E)
    (attr smd)
    (fp_text reference C3 (at 0 -1.65) (layer F.SilkS)
      (effects (font (size 1 1) (thickness 0.15)))
    )
    (fp_text value 2.2uF (at 0 1.65) (layer F.Fab)
      (effects (font (size 1 1) (thickness 0.15)))
    )
    (fp_text user %R (at 0 0) (layer F.Fab)
      (effects (font (size 0.5 0.5) (thickness 0.08)))
    )
    (fp_line (start 1.68 0.95) (end -1.68 0.95) (layer F.CrtYd) (width 0.05))
    (fp_line (start 1.68 -0.95) (end 1.68 0.95) (layer F.CrtYd) (width 0.05))
    (fp_line (start -1.68 -0.95) (end 1.68 -0.95) (layer F.CrtYd) (width 0.05))
    (fp_line (start -1.68 0.95) (end -1.68 -0.95) (layer F.CrtYd) (width 0.05))
    (fp_line (start -0.258578 0.71) (end 0.258578 0.71) (layer F.SilkS) (width 0.12))
    (fp_line (start -0.258578 -0.71) (end 0.258578 -0.71) (layer F.SilkS) (width 0.12))
    (fp_line (start 1 0.6) (end -1 0.6) (layer F.Fab) (width 0.1))
    (fp_line (start 1 -0.6) (end 1 0.6) (layer F.Fab) (width 0.1))
    (fp_line (start -1 -0.6) (end 1 -0.6) (layer F.Fab) (width 0.1))
    (fp_line (start -1 0.6) (end -1 -0.6) (layer F.Fab) (width 0.1))
    (pad 2 smd roundrect (at 0.9375 0) (size 0.975 1.4) (layers F.Cu F.Paste F.Mask) (roundrect_rratio 0.25)
      (net 1 GND))
    (pad 1 smd roundrect (at -0.9375 0) (size 0.975 1.4) (layers F.Cu F.Paste F.Mask) (roundrect_rratio 0.25)
      (net 41 +3V3))
    (model ${KISYS3DMOD}/Capacitor_SMD.3dshapes/C_0805_2012Metric.wrl
      (at (xyz 0 0 0))
      (scale (xyz 1 1 1))
      (rotate (xyz 0 0 0))
    )
  )

  (module Capacitor_SMD:C_0805_2012Metric (layer F.Cu) (tedit 5B36C52B) (tstamp 5E0E95AA)
    (at 172.755001 76.325001)
    (descr "Capacitor SMD 0805 (2012 Metric), square (rectangular) end terminal, IPC_7351 nominal, (Body size source: https://docs.google.com/spreadsheets/d/1BsfQQcO9C6DZCsRaXUlFlo91Tg2WpOkGARC1WS5S8t0/edit?usp=sharing), generated with kicad-footprint-generator")
    (tags capacitor)
    (path /5E0E3867/5BAC3E7C)
    (attr smd)
    (fp_text reference C4 (at 0 -1.65) (layer F.SilkS)
      (effects (font (size 1 1) (thickness 0.15)))
    )
    (fp_text value 0.1uF (at 0 1.65) (layer F.Fab)
      (effects (font (size 1 1) (thickness 0.15)))
    )
    (fp_text user %R (at 0 0) (layer F.Fab)
      (effects (font (size 0.5 0.5) (thickness 0.08)))
    )
    (fp_line (start 1.68 0.95) (end -1.68 0.95) (layer F.CrtYd) (width 0.05))
    (fp_line (start 1.68 -0.95) (end 1.68 0.95) (layer F.CrtYd) (width 0.05))
    (fp_line (start -1.68 -0.95) (end 1.68 -0.95) (layer F.CrtYd) (width 0.05))
    (fp_line (start -1.68 0.95) (end -1.68 -0.95) (layer F.CrtYd) (width 0.05))
    (fp_line (start -0.258578 0.71) (end 0.258578 0.71) (layer F.SilkS) (width 0.12))
    (fp_line (start -0.258578 -0.71) (end 0.258578 -0.71) (layer F.SilkS) (width 0.12))
    (fp_line (start 1 0.6) (end -1 0.6) (layer F.Fab) (width 0.1))
    (fp_line (start 1 -0.6) (end 1 0.6) (layer F.Fab) (width 0.1))
    (fp_line (start -1 -0.6) (end 1 -0.6) (layer F.Fab) (width 0.1))
    (fp_line (start -1 0.6) (end -1 -0.6) (layer F.Fab) (width 0.1))
    (pad 2 smd roundrect (at 0.9375 0) (size 0.975 1.4) (layers F.Cu F.Paste F.Mask) (roundrect_rratio 0.25)
      (net 1 GND))
    (pad 1 smd roundrect (at -0.9375 0) (size 0.975 1.4) (layers F.Cu F.Paste F.Mask) (roundrect_rratio 0.25)
      (net 41 +3V3))
    (model ${KISYS3DMOD}/Capacitor_SMD.3dshapes/C_0805_2012Metric.wrl
      (at (xyz 0 0 0))
      (scale (xyz 1 1 1))
      (rotate (xyz 0 0 0))
    )
  )

  (module Capacitor_SMD:C_0805_2012Metric (layer F.Cu) (tedit 5B36C52B) (tstamp 5E0E95BB)
    (at 177.165001 73.375001)
    (descr "Capacitor SMD 0805 (2012 Metric), square (rectangular) end terminal, IPC_7351 nominal, (Body size source: https://docs.google.com/spreadsheets/d/1BsfQQcO9C6DZCsRaXUlFlo91Tg2WpOkGARC1WS5S8t0/edit?usp=sharing), generated with kicad-footprint-generator")
    (tags capacitor)
    (path /5E0E3867/5BAC3E8A)
    (attr smd)
    (fp_text reference C5 (at 0 -1.65) (layer F.SilkS)
      (effects (font (size 1 1) (thickness 0.15)))
    )
    (fp_text value 0.1uF (at 0 1.65) (layer F.Fab)
      (effects (font (size 1 1) (thickness 0.15)))
    )
    (fp_line (start -1 0.6) (end -1 -0.6) (layer F.Fab) (width 0.1))
    (fp_line (start -1 -0.6) (end 1 -0.6) (layer F.Fab) (width 0.1))
    (fp_line (start 1 -0.6) (end 1 0.6) (layer F.Fab) (width 0.1))
    (fp_line (start 1 0.6) (end -1 0.6) (layer F.Fab) (width 0.1))
    (fp_line (start -0.258578 -0.71) (end 0.258578 -0.71) (layer F.SilkS) (width 0.12))
    (fp_line (start -0.258578 0.71) (end 0.258578 0.71) (layer F.SilkS) (width 0.12))
    (fp_line (start -1.68 0.95) (end -1.68 -0.95) (layer F.CrtYd) (width 0.05))
    (fp_line (start -1.68 -0.95) (end 1.68 -0.95) (layer F.CrtYd) (width 0.05))
    (fp_line (start 1.68 -0.95) (end 1.68 0.95) (layer F.CrtYd) (width 0.05))
    (fp_line (start 1.68 0.95) (end -1.68 0.95) (layer F.CrtYd) (width 0.05))
    (fp_text user %R (at 0 0) (layer F.Fab)
      (effects (font (size 0.5 0.5) (thickness 0.08)))
    )
    (pad 1 smd roundrect (at -0.9375 0) (size 0.975 1.4) (layers F.Cu F.Paste F.Mask) (roundrect_rratio 0.25)
      (net 41 +3V3))
    (pad 2 smd roundrect (at 0.9375 0) (size 0.975 1.4) (layers F.Cu F.Paste F.Mask) (roundrect_rratio 0.25)
      (net 1 GND))
    (model ${KISYS3DMOD}/Capacitor_SMD.3dshapes/C_0805_2012Metric.wrl
      (at (xyz 0 0 0))
      (scale (xyz 1 1 1))
      (rotate (xyz 0 0 0))
    )
  )

  (module Capacitor_SMD:C_0805_2012Metric (layer F.Cu) (tedit 5B36C52B) (tstamp 5E0E95CC)
    (at 172.715001 79.275001)
    (descr "Capacitor SMD 0805 (2012 Metric), square (rectangular) end terminal, IPC_7351 nominal, (Body size source: https://docs.google.com/spreadsheets/d/1BsfQQcO9C6DZCsRaXUlFlo91Tg2WpOkGARC1WS5S8t0/edit?usp=sharing), generated with kicad-footprint-generator")
    (tags capacitor)
    (path /5E0E3867/5BAC3E98)
    (attr smd)
    (fp_text reference C6 (at 0 -1.65) (layer F.SilkS)
      (effects (font (size 1 1) (thickness 0.15)))
    )
    (fp_text value 2.2uF (at 0 1.65) (layer F.Fab)
      (effects (font (size 1 1) (thickness 0.15)))
    )
    (fp_line (start -1 0.6) (end -1 -0.6) (layer F.Fab) (width 0.1))
    (fp_line (start -1 -0.6) (end 1 -0.6) (layer F.Fab) (width 0.1))
    (fp_line (start 1 -0.6) (end 1 0.6) (layer F.Fab) (width 0.1))
    (fp_line (start 1 0.6) (end -1 0.6) (layer F.Fab) (width 0.1))
    (fp_line (start -0.258578 -0.71) (end 0.258578 -0.71) (layer F.SilkS) (width 0.12))
    (fp_line (start -0.258578 0.71) (end 0.258578 0.71) (layer F.SilkS) (width 0.12))
    (fp_line (start -1.68 0.95) (end -1.68 -0.95) (layer F.CrtYd) (width 0.05))
    (fp_line (start -1.68 -0.95) (end 1.68 -0.95) (layer F.CrtYd) (width 0.05))
    (fp_line (start 1.68 -0.95) (end 1.68 0.95) (layer F.CrtYd) (width 0.05))
    (fp_line (start 1.68 0.95) (end -1.68 0.95) (layer F.CrtYd) (width 0.05))
    (fp_text user %R (at 0 0) (layer F.Fab)
      (effects (font (size 0.5 0.5) (thickness 0.08)))
    )
    (pad 1 smd roundrect (at -0.9375 0) (size 0.975 1.4) (layers F.Cu F.Paste F.Mask) (roundrect_rratio 0.25)
      (net 34 "Net-(C6-Pad1)"))
    (pad 2 smd roundrect (at 0.9375 0) (size 0.975 1.4) (layers F.Cu F.Paste F.Mask) (roundrect_rratio 0.25)
      (net 1 GND))
    (model ${KISYS3DMOD}/Capacitor_SMD.3dshapes/C_0805_2012Metric.wrl
      (at (xyz 0 0 0))
      (scale (xyz 1 1 1))
      (rotate (xyz 0 0 0))
    )
  )

  (module Capacitor_SMD:C_0805_2012Metric (layer F.Cu) (tedit 5B36C52B) (tstamp 5E0E95DD)
    (at 177.165001 76.325001)
    (descr "Capacitor SMD 0805 (2012 Metric), square (rectangular) end terminal, IPC_7351 nominal, (Body size source: https://docs.google.com/spreadsheets/d/1BsfQQcO9C6DZCsRaXUlFlo91Tg2WpOkGARC1WS5S8t0/edit?usp=sharing), generated with kicad-footprint-generator")
    (tags capacitor)
    (path /5E0E3867/5BAC3EA6)
    (attr smd)
    (fp_text reference C7 (at 0 -1.65) (layer F.SilkS)
      (effects (font (size 1 1) (thickness 0.15)))
    )
    (fp_text value 0.1uF (at 0 1.65) (layer F.Fab)
      (effects (font (size 1 1) (thickness 0.15)))
    )
    (fp_text user %R (at 0 0) (layer F.Fab)
      (effects (font (size 0.5 0.5) (thickness 0.08)))
    )
    (fp_line (start 1.68 0.95) (end -1.68 0.95) (layer F.CrtYd) (width 0.05))
    (fp_line (start 1.68 -0.95) (end 1.68 0.95) (layer F.CrtYd) (width 0.05))
    (fp_line (start -1.68 -0.95) (end 1.68 -0.95) (layer F.CrtYd) (width 0.05))
    (fp_line (start -1.68 0.95) (end -1.68 -0.95) (layer F.CrtYd) (width 0.05))
    (fp_line (start -0.258578 0.71) (end 0.258578 0.71) (layer F.SilkS) (width 0.12))
    (fp_line (start -0.258578 -0.71) (end 0.258578 -0.71) (layer F.SilkS) (width 0.12))
    (fp_line (start 1 0.6) (end -1 0.6) (layer F.Fab) (width 0.1))
    (fp_line (start 1 -0.6) (end 1 0.6) (layer F.Fab) (width 0.1))
    (fp_line (start -1 -0.6) (end 1 -0.6) (layer F.Fab) (width 0.1))
    (fp_line (start -1 0.6) (end -1 -0.6) (layer F.Fab) (width 0.1))
    (pad 2 smd roundrect (at 0.9375 0) (size 0.975 1.4) (layers F.Cu F.Paste F.Mask) (roundrect_rratio 0.25)
      (net 1 GND))
    (pad 1 smd roundrect (at -0.9375 0) (size 0.975 1.4) (layers F.Cu F.Paste F.Mask) (roundrect_rratio 0.25)
      (net 34 "Net-(C6-Pad1)"))
    (model ${KISYS3DMOD}/Capacitor_SMD.3dshapes/C_0805_2012Metric.wrl
      (at (xyz 0 0 0))
      (scale (xyz 1 1 1))
      (rotate (xyz 0 0 0))
    )
  )

  (module Capacitor_SMD:C_0805_2012Metric (layer F.Cu) (tedit 5B36C52B) (tstamp 5E0E95EE)
    (at 181.575001 73.375001)
    (descr "Capacitor SMD 0805 (2012 Metric), square (rectangular) end terminal, IPC_7351 nominal, (Body size source: https://docs.google.com/spreadsheets/d/1BsfQQcO9C6DZCsRaXUlFlo91Tg2WpOkGARC1WS5S8t0/edit?usp=sharing), generated with kicad-footprint-generator")
    (tags capacitor)
    (path /5E0E3867/5E146D40)
    (attr smd)
    (fp_text reference C8 (at 0 -1.65) (layer F.SilkS)
      (effects (font (size 1 1) (thickness 0.15)))
    )
    (fp_text value 2.2uF (at 0 1.65) (layer F.Fab)
      (effects (font (size 1 1) (thickness 0.15)))
    )
    (fp_text user %R (at 0 0) (layer F.Fab)
      (effects (font (size 0.5 0.5) (thickness 0.08)))
    )
    (fp_line (start 1.68 0.95) (end -1.68 0.95) (layer F.CrtYd) (width 0.05))
    (fp_line (start 1.68 -0.95) (end 1.68 0.95) (layer F.CrtYd) (width 0.05))
    (fp_line (start -1.68 -0.95) (end 1.68 -0.95) (layer F.CrtYd) (width 0.05))
    (fp_line (start -1.68 0.95) (end -1.68 -0.95) (layer F.CrtYd) (width 0.05))
    (fp_line (start -0.258578 0.71) (end 0.258578 0.71) (layer F.SilkS) (width 0.12))
    (fp_line (start -0.258578 -0.71) (end 0.258578 -0.71) (layer F.SilkS) (width 0.12))
    (fp_line (start 1 0.6) (end -1 0.6) (layer F.Fab) (width 0.1))
    (fp_line (start 1 -0.6) (end 1 0.6) (layer F.Fab) (width 0.1))
    (fp_line (start -1 -0.6) (end 1 -0.6) (layer F.Fab) (width 0.1))
    (fp_line (start -1 0.6) (end -1 -0.6) (layer F.Fab) (width 0.1))
    (pad 2 smd roundrect (at 0.9375 0) (size 0.975 1.4) (layers F.Cu F.Paste F.Mask) (roundrect_rratio 0.25)
      (net 50 "Net-(C8-Pad2)"))
    (pad 1 smd roundrect (at -0.9375 0) (size 0.975 1.4) (layers F.Cu F.Paste F.Mask) (roundrect_rratio 0.25)
      (net 51 "Net-(C8-Pad1)"))
    (model ${KISYS3DMOD}/Capacitor_SMD.3dshapes/C_0805_2012Metric.wrl
      (at (xyz 0 0 0))
      (scale (xyz 1 1 1))
      (rotate (xyz 0 0 0))
    )
  )

  (module Capacitor_SMD:C_0805_2012Metric (layer F.Cu) (tedit 5B36C52B) (tstamp 5E0E95FF)
    (at 172.715001 82.225001)
    (descr "Capacitor SMD 0805 (2012 Metric), square (rectangular) end terminal, IPC_7351 nominal, (Body size source: https://docs.google.com/spreadsheets/d/1BsfQQcO9C6DZCsRaXUlFlo91Tg2WpOkGARC1WS5S8t0/edit?usp=sharing), generated with kicad-footprint-generator")
    (tags capacitor)
    (path /5E0E3867/5E147768)
    (attr smd)
    (fp_text reference C9 (at 0 -1.65) (layer F.SilkS)
      (effects (font (size 1 1) (thickness 0.15)))
    )
    (fp_text value 2.2uF (at 0 1.65) (layer F.Fab)
      (effects (font (size 1 1) (thickness 0.15)))
    )
    (fp_line (start -1 0.6) (end -1 -0.6) (layer F.Fab) (width 0.1))
    (fp_line (start -1 -0.6) (end 1 -0.6) (layer F.Fab) (width 0.1))
    (fp_line (start 1 -0.6) (end 1 0.6) (layer F.Fab) (width 0.1))
    (fp_line (start 1 0.6) (end -1 0.6) (layer F.Fab) (width 0.1))
    (fp_line (start -0.258578 -0.71) (end 0.258578 -0.71) (layer F.SilkS) (width 0.12))
    (fp_line (start -0.258578 0.71) (end 0.258578 0.71) (layer F.SilkS) (width 0.12))
    (fp_line (start -1.68 0.95) (end -1.68 -0.95) (layer F.CrtYd) (width 0.05))
    (fp_line (start -1.68 -0.95) (end 1.68 -0.95) (layer F.CrtYd) (width 0.05))
    (fp_line (start 1.68 -0.95) (end 1.68 0.95) (layer F.CrtYd) (width 0.05))
    (fp_line (start 1.68 0.95) (end -1.68 0.95) (layer F.CrtYd) (width 0.05))
    (fp_text user %R (at 0 0) (layer F.Fab)
      (effects (font (size 0.5 0.5) (thickness 0.08)))
    )
    (pad 1 smd roundrect (at -0.9375 0) (size 0.975 1.4) (layers F.Cu F.Paste F.Mask) (roundrect_rratio 0.25)
      (net 52 "Net-(C9-Pad1)"))
    (pad 2 smd roundrect (at 0.9375 0) (size 0.975 1.4) (layers F.Cu F.Paste F.Mask) (roundrect_rratio 0.25)
      (net 53 "Net-(C9-Pad2)"))
    (model ${KISYS3DMOD}/Capacitor_SMD.3dshapes/C_0805_2012Metric.wrl
      (at (xyz 0 0 0))
      (scale (xyz 1 1 1))
      (rotate (xyz 0 0 0))
    )
  )

  (module Inductor_SMD:L_0805_2012Metric (layer F.Cu) (tedit 5B36C52B) (tstamp 5E0E9610)
    (at 177.125001 79.275001)
    (descr "Inductor SMD 0805 (2012 Metric), square (rectangular) end terminal, IPC_7351 nominal, (Body size source: https://docs.google.com/spreadsheets/d/1BsfQQcO9C6DZCsRaXUlFlo91Tg2WpOkGARC1WS5S8t0/edit?usp=sharing), generated with kicad-footprint-generator")
    (tags inductor)
    (path /5E0E3867/5BAC3EB4)
    (attr smd)
    (fp_text reference L1 (at 0 -1.65) (layer F.SilkS)
      (effects (font (size 1 1) (thickness 0.15)))
    )
    (fp_text value 600R (at 0 1.65) (layer F.Fab)
      (effects (font (size 1 1) (thickness 0.15)))
    )
    (fp_line (start -1 0.6) (end -1 -0.6) (layer F.Fab) (width 0.1))
    (fp_line (start -1 -0.6) (end 1 -0.6) (layer F.Fab) (width 0.1))
    (fp_line (start 1 -0.6) (end 1 0.6) (layer F.Fab) (width 0.1))
    (fp_line (start 1 0.6) (end -1 0.6) (layer F.Fab) (width 0.1))
    (fp_line (start -0.258578 -0.71) (end 0.258578 -0.71) (layer F.SilkS) (width 0.12))
    (fp_line (start -0.258578 0.71) (end 0.258578 0.71) (layer F.SilkS) (width 0.12))
    (fp_line (start -1.68 0.95) (end -1.68 -0.95) (layer F.CrtYd) (width 0.05))
    (fp_line (start -1.68 -0.95) (end 1.68 -0.95) (layer F.CrtYd) (width 0.05))
    (fp_line (start 1.68 -0.95) (end 1.68 0.95) (layer F.CrtYd) (width 0.05))
    (fp_line (start 1.68 0.95) (end -1.68 0.95) (layer F.CrtYd) (width 0.05))
    (fp_text user %R (at 0 0) (layer F.Fab)
      (effects (font (size 0.5 0.5) (thickness 0.08)))
    )
    (pad 1 smd roundrect (at -0.9375 0) (size 0.975 1.4) (layers F.Cu F.Paste F.Mask) (roundrect_rratio 0.25)
      (net 41 +3V3))
    (pad 2 smd roundrect (at 0.9375 0) (size 0.975 1.4) (layers F.Cu F.Paste F.Mask) (roundrect_rratio 0.25)
      (net 34 "Net-(C6-Pad1)"))
    (model ${KISYS3DMOD}/Inductor_SMD.3dshapes/L_0805_2012Metric.wrl
      (at (xyz 0 0 0))
      (scale (xyz 1 1 1))
      (rotate (xyz 0 0 0))
    )
  )

  (module Resistor_SMD:R_0805_2012Metric (layer F.Cu) (tedit 5B36C52B) (tstamp 5E0E9621)
    (at 181.575001 76.325001)
